structure(list(D = c(18.9, 16.6, 15.5, 15.5, 19.4, 13.7, 20, 
27.5, 29.8, 20.3, 19.8, 22.9, 20.3, 14.1, 20, 10.1, 22, 5.8, 
23.6, 20.7, 14.8, 17.8, 22.7, 11.4, 18.5, 14.4, 21.5, 13.4, 14.8, 
17.8, 17.7, 20.7, 21, 13.3, 15.9, 22.9), H = c(20, 18.8, 16.8, 
16.9, 20.2, 16.3, 20, 21.4, 20.2, 19.2, 18, 19.8, 17.8, 18.5, 
19.2, 12.1, 22.3, 8, 18.9, 17.4, 13.3, 18.4, 20.6, 17.3, 19, 
16.6, 19.2, 12.9, 16.1, 17.5, 19.9, 19.4, 20.4, 15.5, 17.6, 19.2
)), .Names = c("D", "H"))
